54 93 31 44 11 99 64 82 11 55 80 19 5 33 71 74 6 66 20 54 68 63 48 72 69 69 47 56 42 22 17 58 61 52 5 19 68 80 12 20 97 64 72 30 7 9 61 51 62 14 44 95 66 5 14 43 24 93 39 94 50 75 23 73 71 53 49 73 70 80 62 25 55 21 32 17 99 54 28 65 85 13 89 11 65 37 55 93 96 33 78 65 95 14 2 1 37 40 50 93 
44 47 68 94 55 82 61 10 21 68 33 33 56 83 92 62 76 69 58 46 2 33 93 48 60 89 65 71 66 9 53 76 94 93 88 14 96 46 8 42 93 51 70 27 82 22 6 15 95 16 85 88 53 52 60 0 34 14 94 98 67 0 54 25 36 26 46 30 67 67 80 92 16 99 3 10 99 83 1 75 94 49 62 56 17 68 79 85 91 4 3 27 3 42 1 85 31 90 44 78 
55 76 36 37 29 45 70 34 71 66 37 89 22 82 22 49 98 36 1 2 11 39 13 53 2 73 66 3 18 62 77 81 72 57 87 40 88 15 73 13 23 87 28 46 74 54 65 21 25 64 31 32 20 95 48 69 88 18 68 8 13 80 16 92 30 75 30 95 26 70 22 12 42 75 4 41 55 73 94 48 17 9 61 58 24 83 32 87 14 14 85 96 13 86 34 82 98 8 17 42 
86 39 59 94 44 44 87 43 84 43 55 35 63 73 35 73 6 49 28 78 55 83 11 42 89 50 39 16 75 85 20 58 24 80 32 37 38 24 79 95 89 4 86 42 73 45 17 40 27 1 69 3 55 95 27 91 93 10 78 17 22 86 63 31 5 87 27 85 63 25 4 82 78 24 4 84 21 93 91 68 57 77 23 49 15 68 68 98 22 36 65 30 25 72 21 20 8 47 95 99 
83 41 44 60 68 75 93 37 11 2 60 36 82 86 62 57 30 4 56 24 51 98 54 59 2 49 59 26 57 83 27 3 95 47 93 96 90 58 5 99 5 6 49 33 98 0 62 94 60 22 65 5 96 95 30 27 65 10 62 56 53 85 16 8 18 34 5 59 53 7 32 24 97 55 66 87 12 24 66 85 26 17 57 15 90 63 21 22 84 32 63 27 39 40 58 83 72 44 14 32 
75 19 29 92 39 47 11 33 40 92 24 78 6 39 10 41 7 98 87 17 61 34 21 26 43 68 21 55 34 64 13 0 54 63 97 40 77 96 63 80 46 9 86 44 79 87 92 69 70 68 92 44 60 55 47 86 97 53 72 41 11 2 45 90 34 1 32 63 57 65 60 79 71 44 5 80 46 5 25 0 40 1 35 95 67 85 32 75 18 47 85 49 71 10 40 39 65 63 38 79 
51 65 24 87 70 95 41 37 41 21 47 37 63 93 57 12 4 91 29 4 29 66 34 10 78 56 48 55 85 11 87 61 53 58 32 35 71 28 17 60 59 47 52 61 58 72 62 2 82 93 6 26 67 58 32 80 21 28 70 53 34 7 54 43 29 55 12 64 50 78 34 84 53 75 18 91 57 34 62 27 46 59 19 32 79 72 94 40 55 58 66 89 66 10 84 49 98 12 44 18 
28 5 57 66 73 82 13 20 41 3 37 35 27 37 7 23 93 54 38 26 92 98 76 29 83 12 57 58 45 73 99 16 5 72 56 89 65 90 55 16 97 72 34 39 93 95 36 6 77 17 87 33 9 45 96 10 28 5 61 75 12 58 30 55 55 9 36 94 69 72 51 54 58 31 75 71 68 13 84 94 84 6 96 78 9 45 9 11 26 12 48 96 78 43 13 66 68 11 8 9 
84 85 24 82 2 70 50 54 73 87 52 75 37 95 94 4 57 32 48 18 76 23 9 72 4 80 8 94 75 2 18 89 6 99 55 57 87 43 16 37 91 65 96 80 44 98 45 44 11 48 37 55 90 94 6 47 92 74 31 86 21 10 12 47 59 68 40 43 81 8 68 24 31 7 23 41 22 85 16 54 29 55 84 59 92 75 1 55 29 11 14 99 96 23 79 82 64 26 99 11 
62 79 8 9 63 90 27 40 30 66 45 49 59 31 17 2 19 87 95 85 67 24 76 96 66 34 39 23 31 27 35 70 88 14 2 15 89 40 54 90 76 80 70 34 11 34 15 35 82 82 59 20 23 66 94 82 79 29 52 85 71 70 74 8 30 28 55 16 37 67 5 86 44 31 36 36 91 39 15 10 42 44 31 65 4 67 60 37 22 97 77 9 85 70 26 48 33 37 43 49 
61 25 0 21 31 90 55 76 66 69 70 93 97 58 89 83 78 45 54 44 31 27 79 27 39 93 88 26 24 25 42 1 79 24 11 74 77 95 11 29 65 30 53 54 33 34 79 28 46 63 75 64 86 1 94 94 24 18 76 47 71 40 36 25 39 82 65 55 0 45 55 64 79 13 59 1 74 58 15 8 99 32 77 96 12 73 26 55 97 9 29 95 58 94 72 92 43 5 75 84 
98 44 45 4 24 18 67 55 90 40 17 28 25 50 30 81 44 25 47 13 5 78 69 89 10 67 7 31 97 48 74 91 78 56 3 98 48 33 44 7 63 94 75 12 41 60 95 34 30 7 37 97 24 17 6 26 30 71 29 65 96 43 11 73 28 82 94 86 24 94 43 22 88 63 47 75 89 22 52 12 63 2 7 22 26 38 37 9 71 50 34 3 65 42 61 44 45 84 50 95 
23 50 36 76 70 22 27 58 44 12 29 75 77 21 74 33 80 97 78 47 91 80 50 81 23 13 15 20 72 27 2 82 74 35 51 48 56 85 81 24 3 86 81 94 91 46 58 26 13 39 28 60 96 70 44 26 18 4 84 89 98 40 60 90 3 30 31 27 78 55 10 94 96 20 45 14 30 88 83 92 14 82 81 71 70 26 86 18 58 79 1 82 53 49 94 20 64 0 10 72 
5 8 17 80 46 34 45 18 64 91 41 11 65 68 43 12 8 22 14 67 48 86 82 71 15 83 85 31 5 59 6 88 23 16 12 85 69 0 93 31 12 99 27 20 16 83 43 25 50 28 5 71 87 85 99 69 8 67 45 40 36 0 24 19 95 51 37 1 82 6 53 20 67 52 42 15 39 32 29 19 80 18 2 14 68 25 76 28 62 28 57 86 95 4 56 12 26 81 73 13 
88 21 77 58 67 26 87 47 36 0 37 53 94 26 59 13 77 96 88 7 23 85 11 67 14 30 46 27 70 78 4 93 92 95 32 24 31 93 31 93 69 54 19 53 1 22 22 3 0 75 36 43 82 32 61 4 55 53 25 29 90 11 18 8 56 30 43 39 20 94 21 53 33 45 18 19 21 9 16 9 49 55 1 7 72 56 68 11 72 31 78 90 58 10 34 47 6 40 22 35 
8 63 64 50 45 39 95 96 80 83 33 51 58 74 52 84 40 9 96 88 85 39 41 89 31 44 50 54 30 27 97 75 14 41 11 32 20 51 30 99 92 80 65 68 33 58 48 61 42 47 9 62 36 65 74 47 4 46 92 68 6 69 51 40 98 29 11 72 34 45 23 22 40 28 12 61 34 10 32 3 47 54 78 18 67 81 85 92 21 78 61 13 80 96 22 45 5 93 52 66 
92 33 93 58 57 27 5 17 51 17 63 46 69 46 41 64 45 75 37 91 35 70 25 78 55 87 96 47 86 71 58 65 92 75 50 82 85 5 17 85 70 85 58 1 35 75 8 31 67 47 48 52 45 84 23 35 32 70 50 45 37 58 56 82 29 19 52 71 15 90 88 69 70 29 89 21 78 89 56 7 91 85 20 60 27 82 97 19 2 20 80 44 71 21 44 16 88 21 44 80 
76 10 62 28 60 53 8 29 16 36 69 41 35 89 10 71 6 91 25 51 21 31 34 24 70 90 20 60 23 57 94 35 14 89 19 14 75 5 58 94 72 28 62 1 15 75 26 80 77 35 56 46 42 10 47 36 69 28 89 62 77 20 86 36 16 56 6 4 79 85 1 55 18 46 93 82 38 44 31 28 88 6 42 9 39 13 8 77 77 31 23 29 22 48 27 60 18 65 12 98 
0 41 83 93 71 0 84 37 8 38 75 58 27 60 35 68 22 81 57 78 16 59 65 25 27 62 42 87 97 74 26 19 23 1 41 64 90 36 32 74 57 26 92 91 95 21 94 74 59 0 22 84 85 4 93 3 87 3 76 8 76 69 5 48 31 81 95 95 47 92 65 24 46 17 3 18 71 77 12 3 77 7 19 10 29 26 25 75 26 21 94 20 91 8 48 24 33 74 52 22 
27 46 51 79 26 73 84 8 80 80 22 92 0 22 80 45 3 49 10 44 97 54 47 26 55 41 18 8 35 22 74 90 89 5 93 52 17 72 62 1 57 18 21 97 16 14 92 52 75 97 72 35 79 85 74 71 23 90 50 88 3 86 39 83 41 40 0 83 28 5 87 80 46 75 48 97 70 97 96 4 89 59 3 32 80 81 98 6 67 38 49 39 65 43 48 25 68 25 80 99 
97 79 25 66 7 36 42 69 5 41 52 45 70 53 30 74 5 92 64 92 31 1 59 97 43 79 89 46 96 63 13 21 27 20 29 54 77 15 46 4 57 92 72 94 85 36 51 61 49 17 36 29 44 95 88 52 55 72 34 89 4 90 83 56 11 67 75 17 35 29 5 59 59 16 91 44 82 93 0 14 40 68 98 56 42 68 51 53 13 73 42 64 73 42 74 73 7 40 55 30 
9 59 71 10 2 56 27 94 50 74 82 45 98 41 86 22 3 68 34 7 55 21 26 59 69 19 9 63 66 43 16 14 36 83 28 92 74 43 86 53 28 65 4 25 72 48 23 14 25 39 55 7 87 2 19 4 99 53 81 75 69 64 60 25 63 83 64 30 91 55 61 68 60 80 44 47 5 17 86 29 75 61 39 80 36 19 39 64 52 12 18 81 55 3 37 30 18 66 38 7 
30 51 64 28 75 1 80 30 38 24 39 70 5 78 14 32 95 56 58 17 22 60 52 44 60 44 20 70 74 11 79 28 31 39 59 29 40 43 98 47 1 61 62 14 8 30 8 99 15 13 2 11 55 26 50 17 48 56 36 24 78 60 19 92 60 79 65 42 39 18 48 98 25 69 27 44 23 30 20 43 12 38 49 38 71 72 86 79 80 17 31 80 26 88 58 20 79 75 87 76 
32 38 22 6 63 70 21 53 35 48 55 9 26 63 96 61 68 28 66 31 7 28 3 36 58 67 68 23 43 51 49 82 56 79 78 51 1 37 54 73 2 26 85 75 30 36 95 52 92 52 67 64 45 34 6 58 91 5 57 70 4 11 63 21 94 53 15 39 86 91 20 43 34 34 86 37 55 18 18 88 63 38 5 63 39 97 42 22 20 38 0 21 43 44 61 88 75 0 60 27 
90 2 68 76 82 78 70 51 61 19 21 25 15 76 96 0 56 63 3 49 54 70 46 27 99 16 91 60 38 96 86 6 82 56 65 27 7 61 85 28 69 68 47 22 26 92 59 6 32 90 3 59 76 5 79 61 41 80 24 16 31 13 29 13 93 20 1 25 52 50 50 4 30 42 30 44 88 73 19 69 28 88 36 87 18 44 51 54 99 37 17 9 18 91 32 87 47 77 14 69 
1 83 54 40 21 63 16 2 31 42 37 35 99 16 24 70 52 21 85 31 67 69 82 3 40 67 73 14 64 29 2 4 87 23 53 20 48 41 9 9 37 53 74 5 93 14 33 55 67 69 43 67 65 42 47 33 80 79 66 78 25 55 43 46 49 38 11 51 77 30 67 88 29 93 97 42 58 70 24 95 26 53 19 3 3 35 27 40 2 61 96 84 41 19 37 18 43 92 23 34 
39 4 33 4 44 78 9 60 35 56 4 17 37 3 78 99 63 79 28 75 15 15 51 60 81 1 6 53 97 49 59 56 91 82 34 93 61 28 81 67 23 60 7 58 57 17 91 38 80 52 4 63 70 43 87 93 76 29 88 54 92 37 53 66 84 67 87 66 72 59 22 64 19 50 79 58 17 90 64 29 19 49 96 35 31 75 32 28 90 47 45 34 79 52 82 99 30 13 96 40 
45 87 12 39 82 46 25 68 93 81 4 39 43 46 36 96 75 77 81 64 7 15 55 80 27 54 22 84 38 87 13 10 65 25 99 71 28 16 33 76 73 20 90 89 72 3 36 26 21 48 3 94 48 9 51 85 42 72 84 73 79 37 49 73 23 19 35 96 41 40 15 47 58 30 35 62 58 92 99 44 1 48 34 34 88 18 52 85 18 92 54 41 81 31 98 72 23 18 39 12 
62 86 31 53 60 71 27 95 10 37 14 78 59 40 46 23 68 16 64 19 19 43 82 89 4 49 74 52 14 63 72 0 62 35 64 38 65 31 17 15 71 78 21 62 16 18 83 57 54 24 45 3 23 46 93 72 37 87 14 69 23 0 26 71 37 49 15 88 11 34 99 75 74 3 16 5 39 9 56 58 44 15 40 62 56 55 79 7 27 94 2 86 22 71 65 91 16 74 40 98 
41 68 99 87 14 16 11 22 5 6 14 71 62 75 49 24 18 28 36 97 50 28 81 3 96 50 25 48 86 4 47 66 48 85 46 82 83 2 42 71 37 31 77 31 90 6 56 60 87 16 27 71 47 34 45 33 4 11 41 59 95 17 32 0 30 73 76 85 33 95 28 80 67 41 33 63 10 58 64 15 89 70 90 16 81 5 40 60 86 61 87 28 24 72 6 50 37 84 25 11 
45 81 42 22 75 92 74 86 65 1 67 41 60 76 95 77 17 15 67 39 95 72 73 50 8 8 7 69 93 67 33 33 26 58 80 9 86 72 28 38 24 14 39 65 46 17 83 18 73 90 78 71 26 12 12 10 83 51 21 56 1 72 7 78 48 8 86 24 99 34 58 19 18 65 13 51 73 9 34 66 35 0 49 96 19 52 19 19 46 72 52 12 41 48 96 35 8 61 27 96 
94 32 33 51 71 66 73 8 76 0 59 70 50 35 35 25 26 30 16 78 15 95 66 52 73 76 16 80 65 31 57 56 32 16 25 11 40 13 86 84 40 70 80 1 91 34 85 78 12 9 89 11 81 88 6 22 2 34 51 16 7 81 46 13 12 68 6 37 39 18 46 66 55 31 79 24 25 13 32 52 84 26 99 65 85 39 39 50 6 4 56 99 50 19 55 14 50 74 87 57 
47 9 27 19 28 95 17 59 16 43 26 47 63 11 6 48 5 16 86 37 52 61 93 15 39 40 96 16 71 49 82 87 65 94 26 42 72 74 86 17 57 10 39 6 79 29 78 21 76 35 51 87 5 49 20 33 45 86 33 47 46 37 73 69 63 33 59 16 17 77 81 66 30 77 65 46 43 76 47 40 94 97 62 15 19 43 38 88 69 48 85 10 55 85 49 38 36 66 93 57 
34 10 72 99 54 96 46 55 8 49 20 80 52 84 30 10 53 85 79 98 38 66 57 17 26 7 30 12 4 50 54 56 39 82 93 0 34 95 83 0 40 74 2 46 5 93 21 31 48 50 83 43 76 29 41 86 32 78 43 76 20 23 16 45 29 66 17 40 44 59 92 49 82 13 73 93 66 5 53 51 87 74 89 24 99 75 13 6 20 10 86 97 63 7 72 98 43 68 52 20 
79 46 45 51 58 92 13 6 45 14 99 10 66 65 43 69 56 25 5 12 19 11 89 39 41 72 74 28 33 58 46 27 35 1 66 58 33 1 6 93 80 66 83 27 93 91 91 93 86 79 1 10 0 53 21 20 87 36 54 22 28 39 78 6 1 21 98 61 85 98 39 81 39 87 17 90 85 89 50 5 25 26 36 80 15 13 54 50 0 1 0 41 3 14 70 61 24 12 39 97 
73 73 2 95 80 19 64 68 73 93 71 36 38 96 3 43 60 61 96 61 36 17 55 56 74 17 8 51 16 67 71 5 94 13 21 46 61 21 9 65 98 72 16 75 48 75 46 95 40 34 26 78 84 51 44 73 9 15 49 60 18 95 98 2 30 6 93 35 65 33 56 92 46 59 39 1 75 57 25 3 74 37 26 49 91 15 83 44 81 8 57 66 29 83 10 75 72 72 49 57 
37 10 29 6 15 16 73 51 4 28 91 44 58 72 78 13 65 9 4 27 77 92 27 62 77 2 50 57 21 63 95 29 16 58 40 67 49 76 50 21 6 47 14 69 1 9 3 30 10 77 94 83 30 31 97 43 55 10 13 16 56 95 1 58 6 64 48 73 66 4 38 58 89 61 48 67 22 10 60 90 27 15 95 86 15 21 65 18 46 6 16 31 5 20 45 77 67 64 75 71 
0 59 77 74 18 64 38 5 17 13 43 66 75 67 65 16 52 58 44 94 30 78 27 87 68 18 1 74 92 11 19 39 27 4 6 34 20 99 12 20 63 81 46 97 11 93 17 25 9 2 6 97 16 26 2 75 30 5 21 96 0 3 5 38 69 97 75 62 51 58 50 92 47 9 6 5 82 33 51 39 63 46 34 79 38 34 48 96 46 62 23 80 40 25 77 63 92 33 94 38 
59 49 55 40 1 63 23 74 0 47 19 61 69 48 10 50 63 66 95 89 24 31 93 53 50 9 94 19 75 68 83 64 25 28 16 92 2 38 5 41 5 40 60 97 27 65 20 43 48 38 57 3 45 93 25 0 36 36 42 17 7 58 64 7 88 3 73 18 68 26 96 6 66 34 99 32 50 54 21 48 83 14 35 25 36 57 45 64 30 68 87 10 55 95 60 81 49 26 54 55 
70 87 71 88 10 35 49 85 61 69 5 13 79 38 17 53 69 33 49 78 58 19 18 25 63 31 66 31 70 2 7 90 49 81 16 0 29 61 40 89 60 68 0 10 16 38 42 52 61 95 7 98 74 47 43 63 91 22 11 24 10 17 0 45 63 32 81 9 8 82 24 47 28 66 5 66 31 95 8 36 7 18 54 71 62 66 89 64 40 52 95 84 86 4 84 80 11 96 23 8 
26 48 7 72 56 18 90 69 91 63 57 21 79 73 65 69 32 66 74 43 57 73 58 93 80 16 68 4 37 30 65 48 59 61 11 79 44 74 25 96 56 20 26 30 62 34 81 21 90 89 28 89 98 38 35 57 67 51 12 61 2 20 37 2 43 36 49 65 9 85 51 47 51 88 67 64 19 36 50 79 3 26 8 65 36 93 40 4 15 91 96 34 5 87 1 2 11 5 49 94 
42 67 47 13 23 77 20 95 22 83 56 54 0 49 54 8 50 23 83 87 25 67 51 52 26 84 94 3 87 48 31 73 11 0 27 11 20 37 44 2 59 43 14 79 36 46 58 29 65 73 49 85 55 58 99 14 22 93 20 17 25 93 31 82 0 32 41 12 83 10 52 73 27 52 17 78 31 21 67 45 87 26 54 99 60 94 10 61 64 68 51 50 7 88 4 47 2 75 79 13 
11 79 77 1 65 74 58 34 98 26 51 84 30 89 21 21 21 50 45 40 32 24 99 91 12 25 27 61 20 41 95 69 36 16 69 90 30 9 95 51 43 65 92 9 21 12 12 66 84 22 16 8 19 40 11 95 76 80 64 27 71 6 49 57 83 69 68 47 17 90 28 95 4 54 31 28 65 34 17 75 20 18 87 61 60 34 68 68 0 45 63 55 49 15 7 13 2 6 68 89 
2 43 59 83 77 25 59 23 13 98 37 43 30 94 77 34 39 49 26 10 47 28 28 97 92 74 0 28 44 75 43 40 41 33 26 61 21 63 26 79 25 82 72 95 41 58 23 39 49 65 41 10 38 54 14 10 52 92 99 87 82 76 94 30 99 21 71 97 24 62 26 27 42 89 62 39 77 66 85 94 92 26 37 16 23 25 63 62 55 42 41 61 54 53 73 98 19 33 4 51 
98 71 49 1 78 59 78 46 22 90 7 88 55 40 45 31 16 30 69 56 43 62 70 51 27 38 48 90 57 63 38 38 56 51 29 45 32 32 33 8 89 82 53 24 63 51 62 52 25 74 49 41 68 90 98 76 25 7 11 91 14 1 92 98 1 49 26 44 77 76 39 11 85 79 39 40 90 99 92 94 84 8 3 36 56 29 40 49 5 21 73 60 1 5 52 28 33 20 86 54 
31 96 16 92 46 31 36 16 51 92 39 70 23 99 18 70 17 14 49 41 50 22 64 66 38 98 8 84 13 78 4 74 57 58 48 86 37 8 69 73 10 34 47 11 2 65 71 78 71 47 46 77 36 4 34 84 97 68 53 77 95 46 67 8 63 63 59 78 81 56 46 7 40 30 23 42 71 5 55 37 80 27 21 41 36 5 19 95 55 34 51 44 66 31 76 6 38 12 8 19 
98 9 31 53 60 50 53 11 80 67 16 63 54 54 70 76 53 15 77 54 4 18 2 44 35 55 91 18 9 3 92 43 5 13 7 20 98 64 19 57 4 14 22 79 12 60 91 47 79 41 51 94 78 39 73 94 76 57 87 72 88 66 43 42 77 66 12 59 63 38 42 8 16 60 27 50 19 73 50 9 75 34 68 15 91 45 38 69 92 57 30 5 28 31 65 5 18 79 64 27 
74 42 78 18 79 0 37 15 85 25 52 43 56 0 77 64 2 88 39 2 12 91 34 56 28 28 94 72 61 80 76 55 95 6 90 96 21 79 46 19 65 76 38 53 2 90 50 26 79 85 21 13 59 11 68 11 32 83 73 74 33 44 8 48 3 96 40 13 30 87 32 81 24 86 49 66 89 4 7 24 7 46 0 17 53 54 24 91 61 90 47 4 90 97 44 22 17 43 62 91 
23 33 96 30 8 16 68 34 54 94 55 27 9 20 59 83 74 98 78 94 14 8 32 73 80 82 15 92 69 43 25 46 11 77 21 65 36 56 9 66 60 24 92 74 90 20 88 6 67 44 90 24 3 29 12 54 84 55 46 54 36 56 69 51 34 24 17 95 44 31 26 30 0 42 64 14 32 56 9 71 99 72 43 60 84 9 7 75 41 21 45 46 5 46 69 38 93 28 6 4 
77 98 41 13 93 44 40 66 97 73 19 53 2 15 38 55 26 4 8 55 52 34 72 37 76 69 39 26 51 62 33 11 90 11 47 0 55 78 40 96 89 80 14 53 5 15 67 69 72 2 45 2 11 31 7 14 61 21 61 28 96 79 66 49 19 92 39 94 30 73 71 69 58 84 61 59 59 2 34 1 15 23 12 17 12 32 86 31 81 22 88 11 17 81 53 21 77 28 51 24 
23 35 95 31 98 92 66 86 16 19 71 27 22 87 78 60 7 6 28 52 71 32 72 36 25 54 1 72 55 2 81 10 33 25 58 66 84 78 99 6 21 89 21 61 5 78 11 10 42 35 6 50 43 39 9 18 28 29 0 54 53 0 70 95 20 88 61 97 1 81 37 81 77 58 90 24 92 49 86 8 91 21 48 1 54 32 90 66 31 90 60 26 55 73 26 47 77 10 56 25 
8 69 96 28 52 13 28 14 84 46 44 14 94 42 66 92 71 61 80 44 97 68 14 88 18 69 61 24 51 33 51 54 49 14 56 26 42 62 44 35 96 55 34 83 45 0 95 48 75 47 84 7 86 77 10 81 45 4 87 7 22 12 69 31 41 16 4 9 36 25 97 31 52 86 70 59 6 70 53 36 56 43 67 0 50 80 51 85 85 22 55 3 31 50 59 76 14 11 62 33 
53 6 69 85 93 89 36 43 65 83 78 65 84 32 8 62 42 89 63 23 65 71 54 42 45 1 54 18 79 31 56 15 74 93 58 57 98 74 58 95 36 17 31 14 74 61 14 50 69 64 88 56 21 63 40 44 96 68 4 25 53 76 47 27 70 18 85 80 27 19 58 94 65 31 56 40 51 80 0 51 4 14 55 55 69 74 73 54 72 67 81 72 34 42 35 64 13 1 90 26 
21 67 34 85 23 33 53 39 18 36 83 74 14 65 80 97 38 81 17 8 30 98 79 76 1 93 19 46 31 74 97 78 94 62 48 27 11 83 5 14 91 77 15 82 59 58 98 66 67 26 3 97 81 77 40 92 38 26 41 55 53 85 85 89 9 43 37 77 55 85 85 41 63 10 88 32 63 81 67 53 4 14 5 5 2 36 97 21 14 67 39 20 62 35 56 86 71 84 68 46 
14 63 85 74 5 17 58 40 43 43 61 90 14 54 57 6 64 87 2 99 4 46 90 72 42 66 24 42 30 60 87 4 5 89 81 34 33 41 88 41 78 62 9 50 68 84 4 29 31 95 91 37 96 17 78 57 38 76 98 97 17 39 36 76 74 16 5 92 75 54 80 96 76 76 91 81 50 74 25 65 63 34 56 24 59 10 50 15 17 75 34 70 73 94 60 80 28 78 73 50 
72 1 0 60 6 3 11 3 25 63 2 24 17 1 72 51 36 80 96 79 47 25 44 49 12 59 79 56 35 96 24 24 71 84 21 6 31 13 89 10 32 82 53 10 40 73 73 87 51 82 70 69 57 33 59 3 69 3 13 3 96 3 79 67 5 12 50 69 7 21 64 5 59 37 67 84 44 4 73 39 5 6 1 96 34 58 96 68 17 94 49 10 66 13 50 75 76 89 33 6 
91 59 33 30 67 91 68 62 70 4 8 56 76 71 17 65 62 74 27 59 74 65 49 88 65 28 1 83 38 52 84 65 61 42 76 1 67 12 52 19 17 95 4 93 91 33 18 35 22 36 76 61 7 46 75 10 10 59 11 68 23 35 88 85 96 36 25 43 79 64 47 56 13 51 68 15 15 8 8 55 16 84 51 69 56 3 92 68 76 37 22 13 1 8 65 95 29 52 36 20 
99 11 56 92 51 91 63 58 98 80 90 69 51 2 83 52 78 98 4 13 99 40 84 75 62 69 7 46 30 86 48 71 72 81 16 8 14 50 6 65 63 33 41 40 52 30 58 50 36 61 82 22 48 63 42 85 2 20 73 19 90 14 86 41 53 70 67 43 82 82 97 57 47 83 73 56 45 16 42 82 74 18 36 26 81 82 92 16 95 92 61 45 66 29 98 49 39 38 53 90 
63 22 28 25 32 10 2 34 17 64 92 69 12 31 76 82 89 57 82 48 63 80 69 17 72 41 16 56 76 46 86 69 94 18 70 2 76 63 43 74 80 23 52 74 87 91 51 37 53 60 79 32 5 50 2 18 22 39 60 98 18 16 17 55 38 70 89 27 19 84 22 39 79 23 81 38 43 90 45 96 87 83 40 64 30 29 0 53 56 63 33 14 1 42 31 81 24 58 63 17 
75 55 25 46 81 13 33 4 66 16 14 54 62 98 5 78 93 77 70 54 4 38 97 21 67 78 21 2 35 14 61 59 38 82 17 38 87 58 6 25 26 61 13 96 14 25 34 15 26 22 94 40 0 98 62 74 42 14 40 3 87 51 71 14 80 43 62 48 55 32 89 28 34 45 71 66 72 36 11 58 73 88 18 56 32 65 93 37 94 4 55 19 92 27 32 54 51 80 24 0 
7 69 58 46 82 56 53 31 27 84 68 65 27 67 63 5 18 73 9 48 33 34 97 15 87 55 74 86 13 67 42 73 59 7 40 55 71 78 57 80 32 35 24 96 51 48 17 80 40 76 80 85 85 22 65 74 39 28 75 63 38 75 89 72 21 8 17 2 48 32 19 64 97 6 56 92 26 21 72 97 6 5 64 32 53 54 68 10 8 52 36 8 44 43 9 60 67 47 23 8 
38 0 49 20 36 34 88 97 6 71 87 62 18 43 6 82 50 81 46 20 51 21 77 86 61 77 82 90 64 80 11 72 75 31 21 43 49 30 0 62 29 23 64 10 74 56 70 3 35 83 75 98 51 37 38 73 96 44 56 69 73 78 89 95 77 10 80 90 34 25 59 48 75 59 33 59 1 91 72 34 12 76 39 92 88 58 78 12 2 80 51 34 17 99 17 56 68 15 78 69 
17 33 19 22 66 65 35 90 52 76 16 23 94 40 53 41 35 55 43 23 74 53 22 76 48 78 42 72 18 60 99 15 21 17 82 57 40 23 10 6 10 91 57 60 75 87 38 10 95 80 99 3 88 63 94 8 78 3 98 71 9 23 67 53 95 84 45 0 77 19 33 68 19 28 8 38 61 97 86 51 28 0 31 20 64 75 99 38 84 75 3 16 37 50 37 34 82 32 84 76 
35 31 85 59 15 31 29 96 0 79 89 75 94 37 10 81 99 87 65 61 33 44 98 15 4 16 6 62 86 0 31 81 52 9 19 88 35 93 72 76 19 75 11 18 14 54 98 71 4 28 96 66 90 43 6 50 28 65 7 3 76 48 37 14 43 32 17 55 70 20 37 62 58 62 83 5 67 35 37 45 99 94 95 60 13 88 77 38 4 68 5 11 46 80 43 23 37 44 3 47 
12 1 47 47 65 81 10 88 30 76 92 4 17 82 71 48 56 44 73 46 37 3 7 30 87 21 37 26 1 57 39 80 46 77 12 63 5 2 64 38 38 94 15 16 1 82 0 21 67 89 16 40 78 41 52 97 48 41 67 44 87 79 20 91 15 2 26 81 49 35 89 88 91 15 10 28 7 56 66 96 56 53 40 64 23 86 19 4 11 93 61 48 55 54 9 8 28 78 70 50 
49 78 29 25 49 84 1 93 68 94 49 13 29 14 73 35 12 43 53 2 47 13 3 40 46 22 11 50 87 91 80 57 2 41 32 62 1 30 63 2 95 54 72 67 50 66 25 77 98 46 74 32 28 22 64 36 43 23 62 58 54 43 43 95 47 55 17 3 62 27 98 59 44 91 57 82 81 15 95 89 76 64 66 57 15 50 69 57 7 30 5 36 56 17 0 67 4 87 73 39 
76 0 52 70 52 61 98 3 44 23 66 43 23 65 52 2 3 15 26 99 12 45 86 71 78 12 48 50 37 75 92 23 52 26 30 85 30 84 24 66 22 29 43 53 89 82 94 78 76 15 99 61 44 73 51 11 35 10 29 60 55 14 66 94 21 24 87 24 34 47 34 62 28 21 50 36 40 13 86 22 83 64 3 88 99 19 85 29 3 74 47 52 77 4 62 52 79 33 1 20 
0 68 66 12 69 39 62 23 20 88 29 62 67 93 44 63 83 13 76 89 19 52 88 27 4 9 46 55 51 43 66 9 9 31 90 88 13 35 77 48 79 5 91 81 0 45 40 11 18 93 80 74 81 4 26 56 75 57 88 13 20 89 99 34 20 54 83 89 21 13 45 51 87 26 43 23 78 82 4 95 0 90 93 65 19 74 87 16 14 76 97 98 34 23 36 47 70 50 57 71 
19 25 3 17 51 78 95 86 98 47 96 88 71 67 42 93 53 54 49 62 53 95 81 39 1 45 65 42 37 35 60 80 61 71 39 2 28 20 25 27 16 0 0 38 85 90 96 19 66 89 81 87 69 4 56 20 90 6 93 85 84 89 44 53 59 35 97 69 49 14 82 61 78 13 47 28 41 22 91 91 2 33 98 58 17 96 1 16 32 5 18 48 12 25 96 84 88 82 5 91 
94 15 50 90 34 78 62 86 16 91 67 80 1 95 10 52 65 64 5 95 20 91 86 80 7 85 41 25 20 58 78 79 84 47 16 10 19 67 17 82 97 57 0 86 0 96 7 49 58 94 24 47 41 57 98 68 60 15 39 20 51 29 53 18 22 34 38 74 5 68 76 89 84 80 33 94 58 74 34 40 19 44 18 85 43 87 10 9 11 57 90 32 10 37 50 4 84 96 10 58 
85 18 19 58 21 20 19 52 99 83 55 54 16 0 79 84 2 5 93 39 9 53 26 53 84 80 45 0 62 53 97 29 86 3 46 11 65 33 75 91 12 89 58 94 30 16 42 70 91 24 77 33 48 41 50 96 89 0 66 82 25 93 31 44 25 56 76 12 47 43 22 8 40 14 10 41 16 79 9 95 9 2 8 76 39 63 72 33 2 23 60 99 20 33 16 18 48 30 18 98 
84 38 87 51 91 89 73 78 10 36 50 72 84 49 87 27 27 58 30 27 29 56 29 7 3 91 92 92 33 23 64 81 94 75 97 27 38 97 21 66 61 73 74 1 73 19 98 83 46 94 9 63 5 90 59 1 47 48 2 25 48 17 62 80 15 72 15 68 44 36 87 37 60 73 25 5 91 22 85 84 67 75 20 16 23 99 91 86 63 21 91 6 91 11 11 88 27 83 78 95 
33 21 87 98 11 84 50 1 86 44 3 9 43 37 53 23 9 2 52 6 11 24 43 46 24 48 97 4 52 90 22 56 29 80 56 98 94 18 35 96 63 23 34 46 5 80 62 39 78 71 56 44 64 3 42 47 98 26 58 37 96 79 55 18 45 25 88 24 70 55 66 51 24 46 76 88 61 4 40 81 47 26 1 92 1 4 80 30 98 88 87 34 71 64 20 10 92 84 89 73 
10 7 0 21 0 81 82 7 63 41 15 21 19 35 76 51 50 37 44 49 67 94 32 52 3 63 99 15 11 65 24 80 31 19 97 51 48 80 23 74 12 23 19 22 34 15 85 29 16 13 67 76 77 20 21 19 62 55 6 10 64 28 41 90 91 97 20 9 22 75 25 42 47 47 20 37 20 32 56 69 50 40 77 7 60 90 41 38 31 52 62 27 49 14 44 87 64 18 71 54 
1 82 66 34 24 39 89 45 70 35 33 96 44 94 46 64 81 44 29 85 3 34 23 53 22 45 88 62 34 91 84 3 30 65 11 79 76 96 35 47 71 57 47 37 7 46 74 58 95 38 77 82 49 9 16 4 66 94 14 47 95 86 32 95 43 72 44 85 46 79 35 66 71 8 87 29 21 38 4 59 19 76 65 50 17 57 3 18 61 82 18 15 21 45 59 63 75 99 69 27 
90 78 2 23 47 17 21 79 48 74 82 59 0 46 53 92 4 18 82 20 47 11 16 14 64 2 41 26 83 90 78 62 73 87 55 22 38 65 9 8 32 56 18 76 78 17 29 78 48 32 90 65 93 35 76 63 18 63 29 33 25 6 46 13 42 29 12 26 40 11 63 4 20 89 97 83 21 39 92 88 99 75 31 94 61 89 50 91 93 95 41 52 48 21 39 48 85 59 67 91 
18 94 78 66 12 73 6 47 30 81 3 11 53 83 81 10 46 20 81 66 72 33 31 42 32 29 7 77 71 67 42 31 91 76 75 67 48 76 35 53 92 92 38 43 17 97 51 67 65 98 62 99 56 11 24 55 82 36 51 14 79 72 70 11 11 96 22 86 49 31 10 52 31 71 25 51 43 51 55 81 0 2 9 70 84 60 16 32 97 32 62 15 65 62 15 62 90 10 79 44 
78 36 29 10 92 29 15 79 59 82 11 57 26 96 54 72 76 48 2 73 9 56 18 9 65 21 80 66 1 90 54 68 11 89 54 23 54 0 78 77 42 59 40 91 16 60 85 37 65 35 20 65 7 27 45 36 60 33 38 95 79 88 11 59 69 52 89 76 85 59 68 35 75 81 65 70 1 54 73 0 93 17 36 57 41 83 60 3 9 82 66 18 53 76 65 93 51 23 8 77 
53 1 62 85 58 79 48 3 73 58 47 10 82 58 27 85 26 43 67 30 81 16 74 23 82 38 21 85 33 61 17 57 51 72 88 0 31 55 19 25 56 96 19 18 32 19 69 44 3 7 86 11 23 52 42 89 18 74 35 60 4 25 30 9 2 27 62 24 83 4 44 29 99 44 21 53 86 22 41 18 10 59 92 11 95 32 92 52 73 68 83 81 31 77 61 44 23 10 51 44 
14 89 93 63 81 95 73 47 32 96 61 84 74 63 15 37 69 73 10 42 92 85 92 52 90 72 27 35 57 9 12 88 30 72 38 98 7 51 14 43 38 30 47 42 24 35 1 3 94 84 22 76 78 39 48 87 5 2 15 10 12 65 85 57 21 48 57 34 11 37 2 89 49 46 88 47 78 39 19 29 29 7 86 97 27 27 49 36 77 55 19 20 56 64 30 27 86 9 60 25 
91 58 83 75 88 2 12 84 86 19 89 80 46 88 34 3 36 62 84 27 85 87 97 9 18 43 63 14 38 47 65 80 35 32 54 98 23 16 47 20 60 72 86 92 30 33 36 18 24 70 97 93 54 50 14 78 21 90 52 5 95 87 90 70 29 29 66 61 67 78 56 88 35 40 72 40 8 84 59 23 39 29 47 42 83 32 70 51 85 38 48 32 63 51 56 53 55 68 93 9 
79 3 45 72 79 16 57 9 52 12 10 58 62 66 84 89 20 50 1 75 59 37 92 0 18 96 22 13 52 80 25 29 91 78 16 15 84 9 78 22 82 89 66 14 96 52 74 23 57 22 82 23 82 89 12 53 83 42 50 91 25 15 71 79 87 53 10 86 43 41 19 80 59 86 75 48 9 13 70 7 63 29 55 59 90 40 20 10 94 10 70 50 5 40 63 91 92 75 6 76 
39 54 88 87 59 73 17 67 30 56 48 78 85 56 98 34 52 56 83 31 63 86 83 16 16 67 85 75 41 28 86 33 48 35 44 58 32 85 47 40 13 1 0 79 83 49 28 60 23 48 87 50 15 20 61 62 47 24 41 76 51 24 0 31 46 55 33 77 76 90 87 91 81 52 41 95 62 54 65 38 59 11 70 73 21 30 12 62 80 59 18 84 13 43 2 32 2 68 53 9 
98 20 27 67 43 61 69 54 37 49 96 60 45 59 93 48 25 66 44 44 26 96 29 27 67 29 14 56 12 9 25 86 18 76 64 8 9 32 6 19 0 48 15 9 88 15 0 32 55 75 72 56 22 15 2 77 25 95 65 16 34 94 52 19 37 52 97 11 46 81 89 98 24 58 16 58 28 23 23 52 16 4 45 8 70 4 53 9 20 79 82 48 86 59 60 57 94 81 60 64 
86 9 77 4 23 23 96 38 97 75 81 82 88 67 51 99 29 8 86 39 87 94 3 75 51 84 95 55 14 92 92 42 22 62 52 61 96 83 91 2 60 75 11 95 29 43 78 51 23 13 89 96 42 13 26 13 70 1 54 14 91 11 32 82 73 73 44 61 80 46 5 30 72 15 6 77 81 40 54 45 69 60 69 76 18 6 92 40 13 90 89 38 71 67 93 7 88 55 39 74 
25 84 45 57 50 63 75 20 23 38 6 84 14 70 23 86 18 83 45 17 14 48 36 70 78 85 55 70 9 2 75 11 94 1 24 7 40 76 17 24 20 9 67 64 98 45 99 39 94 10 29 67 65 85 55 98 10 56 1 43 42 28 76 22 96 69 87 1 85 88 83 27 42 29 73 39 90 71 65 90 43 29 59 68 89 94 53 16 45 71 53 89 18 91 56 63 45 56 83 79 
18 84 8 44 40 39 28 15 53 51 8 32 72 71 88 56 66 88 64 89 6 20 33 97 34 1 10 68 43 30 35 4 37 65 17 29 75 9 76 60 11 32 37 68 33 71 5 92 76 21 2 28 62 90 2 46 9 49 57 74 94 28 98 33 1 13 54 43 57 44 93 31 53 84 81 75 91 99 32 28 92 3 72 79 24 69 56 37 63 75 34 28 21 12 99 78 62 94 47 89 
1 17 94 44 58 18 50 1 53 18 65 35 81 88 29 98 84 77 95 65 73 3 65 51 52 83 99 10 37 55 48 75 71 26 64 2 34 66 12 5 7 60 2 82 3 50 83 50 11 66 86 47 46 68 26 70 31 38 66 21 32 91 24 55 8 41 55 69 89 8 57 83 17 21 77 24 18 8 64 39 83 52 71 90 50 28 48 19 11 7 36 32 90 16 32 15 67 96 95 99 
52 4 55 41 28 65 60 74 43 33 21 40 95 87 56 59 81 51 48 74 58 52 45 83 72 57 48 23 8 25 7 33 18 66 68 24 59 52 25 35 26 11 22 73 80 51 22 78 32 87 95 52 51 0 36 73 40 90 0 16 44 22 57 74 76 54 74 87 11 79 48 36 5 41 23 32 56 60 49 26 86 5 78 9 7 78 22 59 17 75 4 73 25 89 11 48 8 8 6 56 
26 68 11 97 18 7 31 46 46 26 56 72 60 21 40 8 64 12 51 88 20 84 27 84 86 53 38 67 93 88 83 31 62 80 29 25 64 9 44 26 90 30 33 79 60 99 44 54 97 61 7 33 92 9 58 38 68 10 78 8 4 99 11 53 51 40 89 53 0 27 40 50 69 82 34 64 24 24 5 26 63 13 78 85 41 22 6 73 61 20 74 67 7 95 48 74 71 34 12 72 
48 25 56 74 10 92 56 2 84 22 24 77 29 24 87 1 67 43 96 29 64 43 40 63 33 50 7 13 12 20 58 63 22 84 44 27 53 2 95 94 66 7 57 67 75 50 96 21 35 44 79 58 54 71 22 9 70 82 52 3 78 52 22 97 66 94 47 13 47 90 18 96 92 5 80 27 89 11 35 80 68 46 54 78 54 28 41 72 7 61 3 47 79 16 38 71 18 36 91 39 
55 59 31 23 78 30 53 33 76 27 5 35 50 79 40 24 96 38 17 81 55 37 27 90 73 31 72 5 45 35 90 58 13 84 72 43 34 37 55 2 47 15 42 1 30 96 78 66 28 58 10 83 22 12 54 83 63 49 65 74 8 65 77 93 10 3 50 89 66 1 92 54 63 93 85 83 83 98 96 81 39 38 47 87 12 1 90 19 30 17 89 78 29 52 40 77 4 87 81 13 
41 48 14 52 22 42 11 44 77 32 74 88 64 35 93 25 90 68 68 66 65 21 24 78 90 66 51 49 74 72 13 22 56 17 62 33 10 15 1 37 81 93 76 47 83 2 17 84 16 61 4 95 72 8 50 54 42 65 1 22 1 26 97 53 98 28 63 9 51 22 69 42 50 99 89 92 21 21 21 44 8 76 1 91 99 58 50 13 54 52 40 52 51 17 91 62 87 85 99 30 
47 45 67 90 40 41 86 97 13 78 13 75 16 25 85 5 39 83 45 84 96 47 30 62 31 13 53 64 35 8 68 23 84 95 53 42 68 30 27 42 39 88 71 2 51 68 30 2 63 96 95 23 63 49 92 25 30 42 12 99 19 33 23 86 86 15 50 13 77 96 56 84 60 66 73 80 17 81 33 17 88 39 56 5 84 48 97 48 10 40 32 97 38 76 72 92 91 19 53 76 
39 78 37 18 79 58 4 47 83 56 10 63 73 89 28 34 6 39 71 80 81 68 48 11 25 38 39 56 85 46 27 62 54 36 57 82 44 79 84 3 8 1 97 87 58 22 42 67 81 74 24 12 99 20 34 51 71 33 36 67 59 72 8 92 83 42 21 17 15 41 37 73 49 73 49 83 59 11 68 24 49 17 89 9 94 94 60 21 64 26 30 84 90 69 99 45 85 85 54 77 
97 52 19 1 56 42 7 16 73 62 12 8 15 81 50 75 44 48 7 45 84 30 38 44 25 77 42 22 9 3 97 54 73 24 61 26 43 66 3 92 39 81 83 20 10 60 79 89 5 76 55 6 8 7 0 58 60 68 79 83 1 49 17 12 4 65 97 77 18 11 49 59 41 6 92 80 63 35 64 35 43 0 88 44 43 3 8 75 71 46 27 47 3 27 65 57 29 15 25 37 
79 99 13 68 76 39 25 66 24 98 52 11 36 14 25 56 17 76 38 87 75 79 66 19 83 22 76 40 32 50 54 51 60 28 19 84 82 83 96 17 15 26 5 14 8 73 91 98 62 4 89 25 35 3 52 98 71 0 43 43 41 6 23 50 53 52 38 7 50 6 62 91 44 9 73 87 25 96 78 81 99 42 10 62 27 19 41 73 61 11 74 99 97 56 46 95 40 2 99 80 
73 7 15 73 17 57 25 44 1 41 50 42 44 66 41 77 36 57 92 23 5 85 65 7 51 2 69 30 39 58 50 51 29 52 15 70 36 25 20 41 59 59 39 72 43 31 6 23 29 86 34 85 49 40 68 11 67 82 77 30 25 20 23 81 37 8 94 15 97 16 32 75 36 2 49 24 70 43 13 95 79 35 35 55 7 35 50 29 18 62 58 87 3 64 74 66 94 35 19 31 
54 20 91 18 79 54 83 5 92 21 26 62 40 34 95 48 47 17 0 51 59 76 68 27 72 54 6 9 79 65 59 31 93 40 14 45 44 99 86 80 6 69 96 64 78 45 53 72 67 80 30 73 18 90 35 88 56 66 48 59 44 91 90 50 29 60 1 8 35 86 34 5 2 39 24 52 72 63 19 65 97 35 32 4 40 70 22 6 47 28 80 67 89 75 88 53 3 47 76 69 
1 61 79 59 35 64 2 14 7 80 71 44 92 38 58 87 44 79 62 74 26 80 34 94 59 42 33 24 50 87 78 57 69 37 36 47 50 94 38 84 86 55 22 60 1 33 39 44 94 13 27 39 72 14 94 76 41 84 40 38 2 12 5 83 7 62 27 28 57 94 27 63 17 14 60 15 70 76 0 0 34 68 21 10 25 3 67 84 3 94 31 27 83 68 71 25 0 81 78 55 
