43 
94 
90 
63 
94 
54 
0 
10 
55 
72 
30 
43 
10 
26 
69 
81 
87 
28 
53 
54 
5 
11 
87 
50 
20 
9 
81 
32 
68 
93 
36 
39 
84 
62 
20 
45 
72 
84 
46 
31 
60 
73 
25 
29 
71 
1 
31 
77 
77 
17 
63 
52 
34 
54 
50 
27 
77 
42 
24 
11 
50 
20 
47 
64 
58 
55 
75 
72 
82 
80 
82 
0 
90 
38 
64 
65 
49 
72 
95 
51 
35 
30 
27 
20 
17 
42 
78 
93 
32 
72 
76 
31 
33 
61 
3 
6 
37 
38 
43 
24 
29 
36 
26 
66 
86 
1 
40 
29 
49 
5 
83 
82 
3 
97 
31 
37 
89 
7 
94 
96 
88 
99 
25 
36 
93 
10 
28 
13 
93 
73 
80 
18 
53 
18 
3 
42 
86 
56 
41 
71 
77 
63 
84 
53 
83 
49 
33 
83 
57 
13 
88 
16 
16 
51 
58 
74 
65 
0 
77 
34 
34 
25 
10 
64 
58 
88 
1 
42 
63 
37 
24 
69 
38 
9 
87 
42 
85 
50 
87 
74 
27 
23 
46 
33 
26 
91 
1 
61 
91 
27 
40 
47 
64 
90 
53 
11 
52 
47 
44 
48 
89 
6 
75 
73 
73 
9 
82 
0 
11 
63 
83 
89 
37 
3 
62 
63 
53 
21 
9 
9 
10 
23 
72 
1 
55 
69 
33 
8 
39 
56 
52 
6 
36 
29 
19 
93 
52 
57 
90 
70 
2 
22 
43 
78 
61 
16 
87 
86 
4 
68 
70 
66 
94 
84 
29 
76 
47 
56 
38 
33 
59 
13 
17 
30 
77 
0 
76 
15 
48 
55 
68 
70 
63 
54 
25 
52 
69 
26 
12 
82 
53 
64 
39 
80 
47 
74 
67 
52 
11 
16 
92 
67 
84 
83 
60 
34 
18 
53 
39 
49 
2 
98 
70 
11 
0 
91 
47 
27 
71 
97 
27 
99 
71 
73 
6 
31 
77 
93 
74 
45 
89 
13 
83 
27 
86 
63 
35 
67 
64 
18 
26 
45 
84 
49 
54 
8 
87 
64 
3 
83 
2 
93 
87 
16 
30 
27 
62 
67 
87 
69 
6 
36 
84 
12 
99 
91 
5 
83 
67 
42 
87 
25 
62 
50 
67 
74 
74 
11 
26 
71 
11 
67 
69 
46 
79 
51 
69 
54 
59 
0 
19 
66 
87 
3 
36 
43 
64 
40 
13 
8 
44 
5 
27 
72 
35 
43 
92 
35 
19 
31 
59 
75 
97 
93 
78 
83 
29 
15 
62 
86 
88 
14 
12 
85 
36 
95 
85 
3 
34 
90 
82 
35 
22 
6 
57 
89 
2 
6 
61 
66 
14 
15 
24 
7 
47 
44 
67 
6 
24 
56 
80 
87 
39 
21 
70 
52 
79 
60 
35 
56 
29 
86 
53 
94 
89 
91 
15 
74 
17 
85 
83 
62 
45 
13 
95 
65 
19 
32 
10 
78 
87 
54 
62 
89 
67 
69 
65 
0 
71 
10 
26 
34 
41 
10 
96 
50 
69 
73 
74 
57 
37 
30 
62 
86 
2 
4 
74 
80 
35 
36 
45 
27 
40 
25 
82 
20 
28 
38 
5 
93 
32 
61 
30 
34 
58 
75 
16 
36 
50 
69 
38 
36 
18 
19 
39 
72 
75 
35 
70 
48 
49 
74 
46 
53 
37 
49 
11 
80 
41 
44 
93 
95 
54 
62 
87 
86 
68 
98 
89 
78 
89 
57 
15 
77 
81 
2 
84 
14 
17 
56 
56 
32 
19 
25 
16 
20 
4 
6 
20 
65 
0 
99 
71 
70 
25 
23 
69 
87 
27 
89 
51 
9 
72 
87 
10 
6 
16 
57 
70 
46 
21 
78 
34 
66 
99 
69 
62 
24 
28 
44 
51 
7 
92 
51 
10 
82 
33 
93 
80 
69 
59 
97 
42 
94 
92 
69 
61 
25 
12 
34 
70 
31 
73 
16 
14 
13 
79 
54 
58 
96 
32 
43 
75 
2 
73 
81 
82 
95 
2 
20 
28 
29 
52 
70 
34 
95 
1 
21 
41 
96 
57 
79 
90 
64 
30 
52 
98 
69 
49 
27 
74 
34 
38 
51 
63 
14 
99 
3 
27 
73 
20 
84 
85 
65 
94 
89 
67 
78 
91 
89 
90 
17 
76 
6 
35 
11 
49 
33 
28 
65 
95 
70 
84 
69 
1 
48 
57 
75 
89 
30 
48 
80 
10 
33 
55 
6 
9 
68 
13 
5 
50 
86 
80 
50 
55 
29 
78 
2 
16 
70 
74 
67 
43 
62 
26 
65 
44 
49 
28 
49 
37 
78 
55 
49 
94 
48 
46 
84 
53 
52 
44 
9 
34 
29 
84 
28 
51 
30 
25 
71 
89 
49 
78 
38 
79 
19 
6 
18 
57 
68 
48 
64 
30 
27 
51 
74 
27 
43 
62 
96 
46 
26 
0 
87 
0 
28 
72 
16 
21 
56 
13 
77 
22 
13 
42 
73 
61 
21 
31 
28 
63 
52 
56 
88 
24 
57 
76 
20 
33 
63 
43 
40 
80 
0 
53 
1 
66 
33 
17 
8 
19 
18 
51 
87 
72 
45 
7 
74 
44 
79 
4 
23 
81 
49 
58 
49 
6 
16 
34 
51 
68 
92 
29 
45 
75 
23 
7 
84 
25 
58 
27 
38 
2 
2 
41 
99 
96 
91 
14 
68 
83 
79 
67 
34 
69 
39 
61 
79 
2 
84 
1 
99 
52 
10 
24 
11 
55 
43 
70 
33 
65 
16 
6 
0 
90 
50 
24 
7 
80 
34 
65 
55 
68 
32 
90 
27 
49 
2 
68 
42 
99 
9 
12 
28 
9 
97 
99 
66 
76 
41 
15 
78 
42 
56 
95 
96 
76 
48 
41 
13 
82 
85 
2 
62 
21 
18 
15 
65 
11 
54 
53 
2 
53 
39 
41 
66 
95 
34 
64 
11 
58 
95 
12 
16 
44 
24 
96 
52 
78 
6 
94 
44 
24 
94 
95 
91 
64 
21 
44 
12 
10 
75 
23 
55 
51 
54 
63 
81 
98 
67 
22 
72 
93 
22 
34 
80 
95 
2 
18 
2 
21 
6 
92 
99 
27 
40 
86 
37 
87 
84 
19 
32 
1 
13 
81 
1 
19 
2 
46 
1 
41 
13 
45 
50 
1 
3 
21 
64 
84 
68 
65 
8 
61 
62 
72 
76 
16 
38 
77 
64 
12 
25 
11 
89 
42 
80 
69 
68 
12 
95 
66 
59 
46 
16 
41 
41 
6 
16 
45 
1 
65 
40 
77 
36 
87 
56 
40 
37 
77 
2 
78 
35 
93 
55 
59 
14 
20 
24 
90 
88 
18 
17 
59 
49 
36 
60 
46 
10 
96 
42 
10 
56 
27 
28 
27 
48 
53 
34 
1 
48 
35 
79 
91 
16 
56 
58 
37 
37 
90 
61 
52 
25 
24 
80 
32 
4 
67 
57 
68 
87 
27 
65 
92 
23 
94 
49 
85 
10 
48 
10 
64 
72 
11 
16 
89 
38 
87 
46 
47 
57 
10 
2 
58 
11 
24 
64 
59 
88 
95 
56 
47 
69 
23 
30 
27 
35 
22 
16 
92 
52 
64 
99 
31 
40 
95 
95 
81 
97 
76 
98 
67 
38 
66 
65 
50 
42 
69 
85 
43 
65 
40 
35 
19 
20 
4 
83 
55 
57 
31 
43 
52 
4 
22 
48 
43 
50 
9 
63 
69 
24 
13 
32 
32 
8 
52 
61 
99 
14 
19 
23 
60 
99 
94 
11 
24 
72 
26 
41 
16 
51 
13 
12 
73 
64 
76 
71 
5 
64 
7 
99 
27 
17 
52 
27 
81 
67 
19 
38 
44 
27 
25 
26 
78 
86 
77 
96 
70 
90 
13 
85 
14 
83 
88 
69 
28 
30 
83 
14 
23 
16 
14 
53 
93 
39 
83 
63 
88 
79 
58 
44 
91 
45 
13 
6 
72 
26 
12 
38 
93 
0 
53 
25 
89 
15 
81 
27 
19 
64 
99 
27 
70 
69 
51 
4 
9 
89 
96 
87 
91 
39 
59 
27 
79 
96 
38 
79 
80 
47 
89 
85 
33 
71 
2 
78 
81 
12 
46 
3 
55 
32 
13 
88 
51 
18 
40 
67 
77 
29 
45 
81 
64 
13 
9 
99 
47 
80 
56 
93 
77 
49 
31 
18 
98 
31 
16 
93 
94 
39 
4 
75 
40 
64 
15 
15 
72 
29 
39 
56 
71 
26 
88 
92 
77 
0 
31 
76 
1 
61 
54 
92 
99 
29 
26 
83 
24 
13 
83 
80 
69 
58 
79 
93 
14 
26 
58 
50 
38 
32 
2 
18 
97 
8 
11 
68 
72 
60 
83 
70 
80 
35 
90 
60 
86 
49 
62 
61 
51 
11 
27 
56 
76 
2 
27 
35 
82 
12 
66 
79 
22 
93 
50 
0 
61 
6 
72 
89 
52 
61 
84 
97 
56 
66 
19 
77 
10 
74 
63 
68 
19 
26 
68 
33 
56 
0 
4 
51 
50 
88 
96 
12 
30 
75 
76 
16 
1 
86 
25 
2 
24 
31 
25 
5 
0 
86 
97 
24 
78 
68 
17 
48 
32 
86 
98 
28 
13 
50 
98 
19 
91 
84 
2 
67 
67 
73 
98 
49 
22 
43 
28 
89 
94 
2 
28 
38 
22 
59 
11 
47 
28 
63 
80 
85 
97 
24 
37 
19 
55 
49 
66 
88 
77 
66 
73 
86 
73 
89 
41 
10 
33 
77 
67 
97 
0 
37 
47 
79 
57 
81 
19 
27 
99 
55 
76 
92 
20 
2 
9 
87 
86 
62 
62 
39 
12 
28 
66 
23 
53 
49 
94 
81 
36 
15 
68 
6 
16 
2 
8 
10 
12 
84 
44 
80 
31 
8 
24 
15 
40 
85 
2 
49 
78 
19 
43 
86 
5 
3 
3 
53 
13 
87 
11 
77 
73 
91 
85 
64 
12 
60 
66 
10 
93 
64 
6 
50 
96 
54 
50 
3 
29 
69 
72 
15 
39 
85 
97 
43 
94 
56 
5 
59 
26 
66 
18 
77 
82 
36 
40 
50 
62 
7 
40 
59 
39 
21 
97 
21 
33 
89 
41 
36 
91 
54 
75 
2 
5 
57 
80 
88 
16 
49 
96 
23 
97 
49 
33 
63 
1 
77 
55 
82 
73 
43 
88 
73 
89 
83 
68 
5 
80 
45 
53 
62 
2 
37 
67 
22 
84 
97 
16 
6 
11 
80 
65 
91 
64 
2 
81 
50 
4 
16 
20 
3 
48 
64 
1 
32 
49 
50 
13 
18 
12 
87 
10 
61 
98 
48 
36 
24 
16 
39 
93 
10 
19 
47 
66 
77 
68 
88 
51 
81 
29 
48 
57 
97 
61 
34 
30 
16 
58 
49 
19 
72 
65 
9 
32 
14 
87 
16 
6 
54 
37 
45 
99 
78 
81 
80 
56 
27 
14 
70 
97 
42 
82 
37 
24 
76 
50 
16 
69 
73 
87 
14 
42 
15 
47 
44 
75 
3 
73 
41 
65 
61 
87 
12 
59 
28 
31 
77 
91 
59 
8 
82 
77 
12 
36 
46 
39 
55 
89 
76 
37 
51 
78 
8 
37 
63 
62 
88 
63 
73 
96 
20 
1 
58 
74 
73 
59 
70 
78 
68 
28 
83 
55 
18 
45 
70 
96 
9 
28 
48 
48 
45 
25 
30 
34 
95 
94 
60 
17 
41 
84 
72 
28 
15 
6 
59 
35 
90 
56 
22 
94 
51 
53 
49 
28 
44 
90 
98 
0 
21 
77 
70 
37 
19 
87 
90 
95 
7 
36 
22 
50 
31 
93 
16 
41 
59 
32 
45 
76 
28 
6 
94 
51 
56 
23 
3 
65 
23 
37 
11 
90 
46 
12 
33 
91 
62 
13 
79 
0 
72 
83 
97 
36 
90 
48 
17 
75 
48 
71 
96 
2 
84 
65 
3 
90 
81 
62 
27 
7 
86 
72 
20 
36 
15 
19 
85 
49 
6 
93 
12 
55 
90 
26 
65 
11 
82 
36 
24 
2 
47 
11 
29 
21 
56 
21 
30 
13 
24 
91 
68 
59 
31 
52 
43 
12 
26 
56 
41 
53 
47 
82 
35 
99 
57 
87 
6 
15 
71 
81 
15 
94 
54 
8 
54 
69 
73 
30 
21 
29 
15 
64 
5 
59 
88 
66 
59 
88 
10 
77 
47 
73 
48 
35 
63 
3 
5 
21 
68 
20 
54 
3 
7 
23 
30 
18 
20 
54 
36 
17 
58 
42 
52 
6 
88 
12 
55 
36 
47 
6 
30 
72 
86 
83 
11 
42 
44 
9 
62 
52 
99 
33 
29 
94 
80 
97 
43 
29 
76 
48 
71 
0 
19 
24 
97 
5 
95 
95 
63 
20 
57 
36 
84 
63 
70 
53 
95 
26 
90 
88 
28 
67 
79 
92 
93 
74 
14 
52 
21 
98 
0 
23 
79 
4 
53 
83 
16 
18 
76 
74 
75 
36 
36 
51 
3 
40 
14 
93 
68 
6 
17 
11 
67 
24 
56 
4 
78 
67 
57 
96 
29 
47 
9 
51 
57 
85 
9 
56 
7 
99 
77 
26 
89 
77 
63 
92 
83 
57 
32 
38 
58 
76 
5 
52 
75 
10 
10 
73 
12 
28 
90 
0 
65 
97 
48 
72 
67 
31 
33 
17 
32 
5 
12 
24 
35 
64 
20 
29 
23 
4 
71 
95 
29 
55 
2 
50 
84 
49 
89 
7 
95 
79 
59 
70 
58 
72 
99 
58 
74 
98 
39 
3 
89 
56 
63 
2 
11 
19 
22 
36 
53 
71 
11 
70 
81 
98 
20 
77 
90 
28 
73 
41 
23 
43 
45 
81 
40 
60 
7 
49 
43 
42 
73 
54 
44 
45 
76 
37 
16 
32 
80 
83 
4 
12 
68 
1 
41 
31 
75 
4 
25 
5 
10 
85 
60 
76 
64 
1 
76 
85 
56 
49 
4 
52 
53 
10 
59 
58 
65 
34 
77 
57 
12 
12 
40 
17 
21 
30 
11 
40 
15 
73 
85 
35 
81 
10 
70 
66 
28 
6 
28 
35 
27 
30 
23 
50 
89 
76 
32 
52 
12 
63 
28 
51 
97 
93 
24 
8 
52 
59 
18 
15 
51 
87 
70 
74 
32 
88 
85 
37 
85 
0 
61 
98 
98 
1 
26 
25 
62 
90 
93 
15 
63 
65 
31 
3 
46 
68 
22 
75 
8 
62 
94 
47 
33 
53 
8 
9 
12 
91 
70 
77 
84 
55 
39 
98 
50 
32 
82 
33 
57 
93 
7 
4 
0 
13 
20 
3 
45 
39 
97 
40 
37 
46 
3 
55 
8 
77 
31 
98 
1 
59 
19 
42 
3 
11 
94 
91 
32 
28 
20 
30 
16 
57 
71 
41 
70 
77 
22 
4 
73 
47 
12 
57 
51 
82 
9 
97 
24 
98 
3 
96 
47 
63 
65 
20 
23 
40 
55 
97 
58 
29 
2 
72 
57 
86 
83 
47 
52 
98 
68 
99 
41 
65 
1 
84 
65 
76 
43 
28 
93 
55 
20 
59 
62 
45 
4 
34 
28 
82 
52 
8 
73 
75 
61 
47 
26 
21 
73 
47 
64 
49 
92 
6 
67 
31 
91 
75 
61 
66 
35 
35 
31 
86 
82 
43 
30 
8 
68 
74 
94 
41 
18 
12 
61 
70 
62 
11 
36 
68 
39 
95 
16 
68 
20 
51 
30 
19 
82 
88 
86 
26 
84 
12 
18 
98 
85 
35 
95 
92 
53 
63 
73 
57 
49 
97 
67 
22 
99 
89 
36 
96 
11 
80 
90 
92 
54 
88 
77 
99 
69 
78 
20 
94 
86 
78 
34 
63 
25 
61 
41 
69 
59 
21 
10 
70 
10 
87 
73 
67 
5 
99 
72 
81 
87 
58 
68 
97 
89 
6 
22 
45 
86 
32 
43 
44 
5 
88 
27 
20 
2 
40 
12 
11 
14 
72 
19 
84 
31 
70 
92 
